#Total cluster, Fake cluster, Percentage fake, Real roads, Extracted roads, Exceeded roads, Found roads, Percentage success, Percentage accumulator density
80,0,0,5,4,-1,4,0.80,0.01
88,8,0.1,5,4,-1,4,0.80,0.01
100,20,0.2,5,4,-1,4,0.80,0.01
114,34,0.3,5,4,-1,4,0.80,0.02
133,53,0.4,5,4,-1,4,0.80,0.03
160,80,0.5,5,6,1,4,0.80,0.04
200,120,0.6,5,6,1,4,0.80,0.06
266,186,0.7,5,6,1,4,0.80,0.08
400,320,0.8,5,6,1,4,0.80,0.13
800,720,0.9,5,13,8,4,0.80,0.22
96,0,0,6,9,3,6,1.00,0.01
106,10,0.1,6,9,3,6,1.00,0.01
120,24,0.2,6,9,3,6,1.00,0.02
137,41,0.3,6,9,3,6,1.00,0.02
160,64,0.4,6,9,3,6,1.00,0.03
192,96,0.5,6,9,3,6,1.00,0.05
239,143,0.6,6,9,3,6,1.00,0.07
319,223,0.7,6,9,3,6,1.00,0.10
480,384,0.8,6,9,3,6,1.00,0.15
960,864,0.9,6,34,28,7,1.00,0.26
112,0,0,7,5,-2,5,0.71,0.01
124,12,0.1,7,5,-2,5,0.71,0.01
140,28,0.2,7,5,-2,5,0.71,0.02
160,48,0.3,7,5,-2,5,0.71,0.03
186,74,0.4,7,5,-2,5,0.71,0.04
224,112,0.5,7,5,-2,5,0.71,0.06
280,168,0.6,7,6,-1,5,0.71,0.08
373,261,0.7,7,6,-1,5,0.71,0.12
560,448,0.8,7,6,-1,5,0.71,0.18
1120,1008,0.9,7,70,63,8,0.71,0.30
128,0,0,8,8,0,7,0.88,0.02
142,14,0.1,8,8,0,7,0.88,0.02
160,32,0.2,8,8,0,7,0.88,0.02
182,54,0.3,8,8,0,7,0.88,0.03
213,85,0.4,8,8,0,7,0.88,0.04
256,128,0.5,8,9,1,7,0.88,0.06
319,191,0.6,8,9,1,7,0.88,0.09
426,298,0.7,8,9,1,7,0.88,0.13
640,512,0.8,8,14,6,8,0.88,0.20
1280,1152,0.9,8,189,181,9,1.00,0.33
144,0,0,9,9,0,6,0.67,0.01
160,16,0.1,9,9,0,6,0.67,0.02
180,36,0.2,9,9,0,6,0.67,0.02
205,61,0.3,9,10,1,7,0.78,0.03
240,96,0.4,9,10,1,7,0.78,0.05
288,144,0.5,9,10,1,7,0.78,0.07
359,215,0.6,9,10,1,7,0.78,0.10
479,335,0.7,9,10,1,7,0.78,0.15
720,576,0.8,9,26,17,8,0.89,0.22
1440,1296,0.9,9,325,316,15,0.89,0.36
160,0,0,10,12,2,10,1.00,0.02
177,17,0.1,10,12,2,10,1.00,0.02
200,40,0.2,10,12,2,10,1.00,0.02
228,68,0.3,10,12,2,10,1.00,0.04
266,106,0.4,10,12,2,10,1.00,0.05
320,160,0.5,10,12,2,10,1.00,0.08
400,240,0.6,10,13,3,10,1.00,0.11
533,373,0.7,10,14,4,10,1.00,0.16
800,640,0.8,10,25,15,10,1.00,0.24
1600,1440,0.9,10,583,573,19,1.00,0.39
176,0,0,11,11,0,10,0.91,0.02
195,19,0.1,11,11,0,10,0.91,0.02
220,44,0.2,11,12,1,10,0.91,0.03
251,75,0.3,11,12,1,10,0.91,0.04
293,117,0.4,11,12,1,10,0.91,0.05
352,176,0.5,11,12,1,10,0.91,0.08
439,263,0.6,11,13,2,10,0.91,0.12
586,410,0.7,11,14,3,10,0.91,0.17
880,704,0.8,11,42,31,10,0.91,0.25
1760,1584,0.9,11,935,924,21,0.91,0.41
192,0,0,12,16,4,12,1.00,0.02
213,21,0.1,12,16,4,12,1.00,0.02
240,48,0.2,12,16,4,12,1.00,0.03
274,82,0.3,12,16,4,12,1.00,0.04
320,128,0.4,12,16,4,12,1.00,0.06
384,192,0.5,12,16,4,12,1.00,0.09
479,287,0.6,12,16,4,12,1.00,0.13
639,447,0.7,12,20,8,12,1.00,0.19
960,768,0.8,12,54,42,13,1.00,0.28
1920,1728,0.9,12,1430,1418,42,1.00,0.44
208,0,0,13,15,2,12,0.92,0.02
231,23,0.1,13,15,2,12,0.92,0.02
260,52,0.2,13,15,2,12,0.92,0.03
297,89,0.3,13,15,2,12,0.92,0.04
346,138,0.4,13,15,2,12,0.92,0.07
416,208,0.5,13,15,2,12,0.92,0.10
520,312,0.6,13,17,4,12,0.92,0.14
693,485,0.7,13,18,5,12,0.92,0.20
1040,832,0.8,13,83,70,14,0.92,0.29
2080,1872,0.9,13,2496,2483,62,0.92,0.47
224,0,0,14,16,2,12,0.86,0.03
248,24,0.1,14,16,2,12,0.86,0.03
280,56,0.2,14,16,2,12,0.86,0.04
320,96,0.3,14,17,3,12,0.86,0.05
373,149,0.4,14,17,3,12,0.86,0.07
448,224,0.5,14,17,3,12,0.86,0.10
560,336,0.6,14,20,6,13,0.86,0.15
746,522,0.7,14,30,16,14,0.93,0.22
1120,896,0.8,14,147,133,14,0.93,0.31
2240,2016,0.9,14,3474,3460,106,1.00,0.49
240,0,0,15,14,-1,12,0.80,0.03
266,26,0.1,15,14,-1,12,0.80,0.03
300,60,0.2,15,14,-1,12,0.80,0.04
342,102,0.3,15,14,-1,12,0.80,0.05
400,160,0.4,15,14,-1,12,0.80,0.08
480,240,0.5,15,15,0,12,0.80,0.11
600,360,0.6,15,17,2,12,0.80,0.16
799,559,0.7,15,27,12,13,0.87,0.23
1200,960,0.8,15,217,202,20,0.93,0.34
2400,2160,0.9,15,5452,5437,153,0.93,0.51
256,0,0,16,16,0,14,0.88,0.02
284,28,0.1,16,16,0,14,0.88,0.03
320,64,0.2,16,16,0,14,0.88,0.04
365,109,0.3,16,16,0,14,0.88,0.06
426,170,0.4,16,16,0,14,0.88,0.08
512,256,0.5,16,18,2,14,0.88,0.11
639,383,0.6,16,20,4,14,0.88,0.17
853,597,0.7,16,34,18,14,0.88,0.24
1280,1024,0.8,16,242,226,14,0.88,0.35
2560,2304,0.9,16,6951,6935,187,0.88,0.53
272,0,0,17,17,0,15,0.88,0.03
302,30,0.1,17,17,0,15,0.88,0.03
340,68,0.2,17,17,0,15,0.88,0.04
388,116,0.3,17,17,0,15,0.88,0.06
453,181,0.4,17,18,1,15,0.88,0.09
544,272,0.5,17,18,1,15,0.88,0.13
679,407,0.6,17,21,4,15,0.88,0.18
906,634,0.7,17,43,26,15,0.88,0.26
1360,1088,0.8,17,464,447,21,0.88,0.37
2720,2448,0.9,17,9826,9809,294,0.94,0.56
288,0,0,18,17,-1,14,0.78,0.03
320,32,0.1,18,17,-1,14,0.78,0.03
360,72,0.2,18,17,-1,14,0.78,0.05
411,123,0.3,18,17,-1,14,0.78,0.06
480,192,0.4,18,17,-1,14,0.78,0.09
576,288,0.5,18,18,0,16,0.78,0.13
719,431,0.6,18,21,3,17,0.78,0.19
959,671,0.7,18,57,39,18,0.83,0.27
1440,1152,0.8,18,646,628,27,0.83,0.39
2880,2592,0.9,18,13904,13886,426,0.83,0.58
304,0,0,19,22,3,18,0.95,0.03
337,33,0.1,19,22,3,18,0.95,0.03
380,76,0.2,19,22,3,18,0.95,0.04
434,130,0.3,19,22,3,18,0.95,0.06
506,202,0.4,19,22,3,18,0.95,0.10
608,304,0.5,19,23,4,18,0.95,0.14
760,456,0.6,19,25,6,18,0.95,0.20
1013,709,0.7,19,75,56,19,0.95,0.28
1520,1216,0.8,19,818,799,31,0.95,0.40
3040,2736,0.9,19,17054,17035,540,1.00,0.60
320,0,0,20,24,4,19,0.95,0.03
355,35,0.1,20,24,4,19,0.95,0.03
400,80,0.2,20,24,4,19,0.95,0.05
457,137,0.3,20,24,4,19,0.95,0.07
533,213,0.4,20,24,4,19,0.95,0.10
640,320,0.5,20,26,6,19,0.95,0.14
800,480,0.6,20,28,8,19,0.95,0.20
1066,746,0.7,20,89,69,20,0.95,0.29
1600,1280,0.8,20,1053,1033,32,0.95,0.42
3200,2880,0.9,20,18385,18365,604,0.95,0.61
336,0,0,21,24,3,17,0.81,0.03
373,37,0.1,21,24,3,17,0.81,0.04
420,84,0.2,21,26,5,17,0.81,0.05
480,144,0.3,21,26,5,17,0.81,0.07
560,224,0.4,21,27,6,18,0.86,0.11
672,336,0.5,21,28,7,18,0.86,0.15
839,503,0.6,21,37,16,18,0.86,0.22
1119,783,0.7,21,150,129,20,0.86,0.30
1680,1344,0.8,21,1464,1443,44,0.86,0.43
3360,3024,0.9,21,25110,25089,887,0.90,0.63
352,0,0,22,27,5,21,0.95,0.04
391,39,0.1,22,27,5,21,0.95,0.05
440,88,0.2,22,27,5,21,0.95,0.06
502,150,0.3,22,28,6,22,1.00,0.08
586,234,0.4,22,29,7,22,1.00,0.11
704,352,0.5,22,31,9,22,1.00,0.16
879,527,0.6,22,41,19,23,1.00,0.23
1173,821,0.7,22,162,140,24,1.00,0.32
1760,1408,0.8,22,1982,1960,65,1.00,0.45
3520,3168,0.9,22,31794,31772,1095,1.00,0.65
368,0,0,23,23,0,19,0.83,0.04
408,40,0.1,23,23,0,19,0.83,0.04
460,92,0.2,23,23,0,19,0.83,0.06
525,157,0.3,23,23,0,19,0.83,0.08
613,245,0.4,23,23,0,19,0.83,0.11
736,368,0.5,23,24,1,19,0.83,0.17
919,551,0.6,23,40,17,20,0.87,0.23
1226,858,0.7,23,171,148,21,0.87,0.32
1840,1472,0.8,23,2026,2003,62,0.91,0.46
3680,3312,0.9,23,32463,32440,1158,0.96,0.66
384,0,0,24,28,4,23,0.96,0.04
426,42,0.1,24,28,4,23,0.96,0.04
480,96,0.2,24,28,4,23,0.96,0.06
548,164,0.3,24,28,4,23,0.96,0.08
640,256,0.4,24,31,7,23,0.96,0.12
768,384,0.5,24,36,12,23,0.96,0.17
959,575,0.6,24,50,26,23,0.96,0.25
1279,895,0.7,24,247,223,25,0.96,0.34
1920,1536,0.8,24,2902,2878,88,0.96,0.48
3840,3456,0.9,24,44830,44806,1623,1.00,0.68
400,0,0,25,24,-1,23,0.92,0.04
444,44,0.1,25,24,-1,23,0.92,0.05
500,100,0.2,25,24,-1,23,0.92,0.06
571,171,0.3,25,24,-1,23,0.92,0.09
666,266,0.4,25,26,1,23,0.92,0.12
800,400,0.5,25,26,1,23,0.92,0.18
1000,600,0.6,25,50,25,23,0.92,0.25
1333,933,0.7,25,273,248,26,0.92,0.35
2000,1600,0.8,25,3421,3396,99,0.92,0.49
4000,3600,0.9,25,49594,49569,1827,0.96,0.69
416,0,0,26,29,3,24,0.92,0.04
462,46,0.1,26,29,3,24,0.92,0.05
520,104,0.2,26,29,3,24,0.92,0.06
594,178,0.3,26,29,3,24,0.92,0.09
693,277,0.4,26,29,3,24,0.92,0.13
832,416,0.5,26,29,3,24,0.92,0.18
1040,624,0.6,26,57,31,24,0.92,0.26
1386,970,0.7,26,340,314,28,0.92,0.36
2080,1664,0.8,26,3937,3911,110,0.96,0.50
4160,3744,0.9,26,56636,56610,2160,1.00,0.70
432,0,0,27,31,4,26,0.96,0.04
480,48,0.1,27,31,4,26,0.96,0.05
540,108,0.2,27,31,4,26,0.96,0.07
617,185,0.3,27,31,4,26,0.96,0.09
720,288,0.4,27,32,5,26,0.96,0.13
864,432,0.5,27,35,8,26,0.96,0.19
1079,647,0.6,27,61,34,26,0.96,0.27
1439,1007,0.7,27,430,403,29,0.96,0.37
2160,1728,0.8,27,5419,5392,157,0.96,0.51
4320,3888,0.9,27,62572,62545,2333,1.00,0.71
448,0,0,28,31,3,25,0.89,0.04
497,49,0.1,28,31,3,25,0.89,0.05
560,112,0.2,28,31,3,25,0.89,0.07
640,192,0.3,28,32,4,25,0.89,0.09
746,298,0.4,28,34,6,25,0.89,0.14
896,448,0.5,28,40,12,26,0.93,0.20
1120,672,0.6,28,72,44,26,0.93,0.27
1493,1045,0.7,28,510,482,34,0.93,0.38
2240,1792,0.8,28,5663,5635,168,0.93,0.52
4480,4032,0.9,28,72660,72632,2762,1.00,0.72
464,0,0,29,27,-2,25,0.86,0.05
515,51,0.1,29,27,-2,25,0.86,0.05
580,116,0.2,29,28,-1,25,0.86,0.07
662,198,0.3,29,30,1,26,0.90,0.10
773,309,0.4,29,32,3,26,0.90,0.14
928,464,0.5,29,37,8,26,0.90,0.20
1159,695,0.6,29,83,54,28,0.90,0.28
1546,1082,0.7,29,655,626,33,0.93,0.39
2320,1856,0.8,29,6802,6773,193,0.97,0.53
4640,4176,0.9,29,78981,78952,2964,0.97,0.73
480,0,0,30,35,5,27,0.90,0.05
533,53,0.1,30,35,5,27,0.90,0.06
600,120,0.2,30,37,7,27,0.90,0.08
685,205,0.3,30,39,9,27,0.90,0.11
800,320,0.4,30,42,12,27,0.90,0.15
960,480,0.5,30,48,18,27,0.90,0.21
1200,720,0.6,30,114,84,28,0.90,0.29
1599,1119,0.7,30,761,731,35,0.90,0.40
2400,1920,0.8,30,8085,8055,253,1.00,0.54
4800,4320,0.9,30,88036,88006,3414,1.00,0.74
496,0,0,31,36,5,29,0.94,0.05
551,55,0.1,31,36,5,29,0.94,0.06
620,124,0.2,31,36,5,29,0.94,0.08
708,212,0.3,31,37,6,29,0.94,0.11
826,330,0.4,31,39,8,29,0.94,0.15
992,496,0.5,31,47,16,29,0.94,0.22
1239,743,0.6,31,162,131,34,0.97,0.30
1653,1157,0.7,31,1119,1088,54,0.97,0.41
2480,1984,0.8,31,11385,11354,341,0.97,0.56
4960,4464,0.9,31,98011,97980,3857,1.00,0.75
512,0,0,32,34,2,29,0.91,0.05
568,56,0.1,32,35,3,29,0.91,0.06
640,128,0.2,32,35,3,29,0.91,0.08
731,219,0.3,32,37,5,29,0.91,0.11
853,341,0.4,32,38,6,30,0.94,0.16
1024,512,0.5,32,48,16,30,0.94,0.22
1279,767,0.6,32,126,94,32,0.94,0.30
1706,1194,0.7,32,1010,978,52,0.94,0.42
2560,2048,0.8,32,10514,10482,311,0.97,0.56
5120,4608,0.9,32,107541,107509,4222,0.97,0.76
528,0,0,33,34,1,30,0.91,0.05
586,58,0.1,33,36,3,31,0.94,0.06
660,132,0.2,33,36,3,31,0.94,0.08
754,226,0.3,33,36,3,31,0.94,0.11
880,352,0.4,33,40,7,31,0.94,0.16
1056,528,0.5,33,55,22,31,0.94,0.23
1320,792,0.6,33,184,151,32,0.94,0.32
1759,1231,0.7,33,1393,1360,53,0.94,0.43
2640,2112,0.8,33,13800,13767,407,0.94,0.58
5280,4752,0.9,33,119317,119284,4764,1.00,0.78
544,0,0,34,38,4,32,0.94,0.06
604,60,0.1,34,39,5,32,0.94,0.07
680,136,0.2,34,39,5,32,0.94,0.09
777,233,0.3,34,40,6,32,0.94,0.12
906,362,0.4,34,46,12,32,0.94,0.17
1088,544,0.5,34,60,26,33,0.94,0.24
1359,815,0.6,34,203,169,35,0.94,0.32
1813,1269,0.7,34,1734,1700,77,0.97,0.44
2720,2176,0.8,34,16280,16246,496,0.97,0.59
5440,4896,0.9,34,127855,127821,5019,1.00,0.78
560,0,0,35,37,2,31,0.89,0.06
622,62,0.1,35,37,2,31,0.89,0.07
700,140,0.2,35,37,2,31,0.89,0.09
800,240,0.3,35,39,4,31,0.89,0.12
933,373,0.4,35,44,9,33,0.94,0.17
1120,560,0.5,35,64,29,33,0.94,0.24
1400,840,0.6,35,216,181,34,0.94,0.33
1866,1306,0.7,35,1858,1823,60,0.94,0.44
2800,2240,0.8,35,16311,16276,531,0.94,0.59
5600,5040,0.9,35,130289,130254,5251,1.00,0.78
576,0,0,36,41,5,36,1.00,0.06
640,64,0.1,36,41,5,36,1.00,0.07
720,144,0.2,36,41,5,36,1.00,0.09
822,246,0.3,36,42,6,36,1.00,0.12
960,384,0.4,36,46,10,36,1.00,0.17
1152,576,0.5,36,59,23,36,1.00,0.24
1439,863,0.6,36,229,193,38,1.00,0.34
1919,1343,0.7,36,1954,1918,82,1.00,0.46
2880,2304,0.8,36,18444,18408,587,1.00,0.61
5760,5184,0.9,36,146872,146836,5841,1.00,0.80
592,0,0,37,36,-1,34,0.92,0.06
657,65,0.1,37,36,-1,34,0.92,0.07
740,148,0.2,37,38,1,34,0.92,0.09
845,253,0.3,37,38,1,34,0.92,0.13
986,394,0.4,37,41,4,34,0.92,0.18
1184,592,0.5,37,51,14,34,0.92,0.25
1479,887,0.6,37,242,205,36,0.92,0.34
1973,1381,0.7,37,2424,2387,82,0.92,0.46
2960,2368,0.8,37,20412,20375,695,0.95,0.61
5920,5328,0.9,37,154186,154149,6329,0.97,0.80
608,0,0,38,44,6,37,0.97,0.06
675,67,0.1,38,44,6,37,0.97,0.07
760,152,0.2,38,45,7,37,0.97,0.09
868,260,0.3,38,47,9,37,0.97,0.13
1013,405,0.4,38,49,11,37,0.97,0.18
1216,608,0.5,38,80,42,37,0.97,0.26
1520,912,0.6,38,304,266,43,0.97,0.35
2026,1418,0.7,38,2882,2844,105,0.97,0.47
3040,2432,0.8,38,25105,25067,829,1.00,0.63
6080,5472,0.9,38,175908,175870,7116,1.00,0.82
624,0,0,39,44,5,37,0.95,0.06
693,69,0.1,39,44,5,37,0.95,0.07
780,156,0.2,39,44,5,37,0.95,0.09
891,267,0.3,39,46,7,37,0.95,0.13
1040,416,0.4,39,47,8,37,0.95,0.18
1248,624,0.5,39,69,30,38,0.97,0.26
1559,935,0.6,39,317,278,40,0.97,0.36
2079,1455,0.7,39,2939,2900,104,0.97,0.48
3120,2496,0.8,39,24394,24355,818,0.97,0.63
6240,5616,0.9,39,171215,171176,7022,1.00,0.82
640,0,0,40,48,8,40,1.00,0.06
711,71,0.1,40,48,8,40,1.00,0.07
800,160,0.2,40,49,9,40,1.00,0.09
914,274,0.3,40,50,10,41,1.00,0.13
1066,426,0.4,40,52,12,42,1.00,0.19
1280,640,0.5,40,77,37,45,1.00,0.26
1600,960,0.6,40,424,384,51,1.00,0.36
2133,1493,0.7,40,3525,3485,111,1.00,0.49
3200,2560,0.8,40,28410,28370,944,1.00,0.65
6400,5760,0.9,40,187437,187397,7761,1.00,0.83
656,0,0,41,47,6,39,0.95,0.07
728,72,0.1,41,48,7,39,0.95,0.08
820,164,0.2,41,51,10,39,0.95,0.10
937,281,0.3,41,53,12,39,0.95,0.14
1093,437,0.4,41,57,16,39,0.95,0.20
1312,656,0.5,41,94,53,39,0.95,0.27
1639,983,0.6,41,542,501,52,0.95,0.37
2186,1530,0.7,41,4525,4484,150,0.98,0.50
3280,2624,0.8,41,34120,34079,1171,0.98,0.65
6560,5904,0.9,41,199718,199677,8062,1.00,0.83
672,0,0,42,43,1,35,0.83,0.06
746,74,0.1,42,43,1,35,0.83,0.07
840,168,0.2,42,44,2,35,0.83,0.10
960,288,0.3,42,47,5,35,0.83,0.14
1120,448,0.4,42,56,14,36,0.83,0.20
1344,672,0.5,42,89,47,37,0.86,0.28
1679,1007,0.6,42,562,520,43,0.90,0.38
2239,1567,0.7,42,4422,4380,138,0.95,0.50
3360,2688,0.8,42,33839,33797,1145,0.98,0.66
6720,6048,0.9,42,211584,211542,8635,0.98,0.84
688,0,0,43,48,5,41,0.95,0.07
764,76,0.1,43,49,6,41,0.95,0.08
859,171,0.2,43,51,8,41,0.95,0.10
982,294,0.3,43,53,10,41,0.95,0.14
1146,458,0.4,43,61,18,41,0.95,0.20
1376,688,0.5,43,109,66,42,0.95,0.28
1720,1032,0.6,43,622,579,51,0.95,0.39
2293,1605,0.7,43,4916,4873,159,0.95,0.51
3440,2752,0.8,43,36187,36144,1298,0.95,0.66
6880,6192,0.9,43,217798,217755,9007,0.98,0.84
704,0,0,44,41,-3,38,0.86,0.07
782,78,0.1,44,41,-3,38,0.86,0.08
880,176,0.2,44,43,-1,39,0.89,0.11
1005,301,0.3,44,44,0,39,0.89,0.15
1173,469,0.4,44,55,11,39,0.89,0.21
1408,704,0.5,44,133,89,40,0.91,0.29
1759,1055,0.6,44,755,711,54,0.93,0.39
2346,1642,0.7,44,6033,5989,183,0.93,0.52
3520,2816,0.8,44,44648,44604,1591,0.93,0.68
7040,6336,0.9,44,235845,235801,9355,0.98,0.85
720,0,0,45,53,8,42,0.93,0.07
800,80,0.1,45,53,8,42,0.93,0.08
900,180,0.2,45,54,9,42,0.93,0.11
1028,308,0.3,45,56,11,42,0.93,0.15
1200,480,0.4,45,64,19,43,0.96,0.22
1440,720,0.5,45,129,84,43,0.96,0.30
1800,1080,0.6,45,924,879,58,0.98,0.40
2399,1679,0.7,45,7516,7471,229,0.98,0.53
3600,2880,0.8,45,49490,49445,1736,0.98,0.68
7200,6480,0.9,45,240416,240371,9753,1.00,0.85
736,0,0,46,51,5,45,0.98,0.07
817,81,0.1,46,51,5,45,0.98,0.08
920,184,0.2,46,51,5,45,0.98,0.11
1051,315,0.3,46,53,7,45,0.98,0.15
1226,490,0.4,46,66,20,46,1.00,0.21
1472,736,0.5,46,148,102,46,1.00,0.30
1839,1103,0.6,46,857,811,60,1.00,0.40
2453,1717,0.7,46,7475,7429,217,1.00,0.54
3680,2944,0.8,46,50175,50129,1792,1.00,0.69
7360,6624,0.9,46,247234,247188,10300,1.00,0.86
752,0,0,47,54,7,43,0.91,0.07
835,83,0.1,47,55,8,43,0.91,0.08
940,188,0.2,47,56,9,44,0.94,0.11
1074,322,0.3,47,57,10,44,0.94,0.16
1253,501,0.4,47,64,17,44,0.94,0.22
1504,752,0.5,47,141,94,45,0.96,0.30
1880,1128,0.6,47,1062,1015,54,0.96,0.41
2506,1754,0.7,47,8402,8355,254,0.96,0.54
3760,3008,0.8,47,53056,53009,1941,0.98,0.69
7520,6768,0.9,47,255743,255696,10592,0.98,0.86
768,0,0,48,46,-2,42,0.88,0.07
853,85,0.1,48,46,-2,42,0.88,0.08
960,192,0.2,48,49,1,42,0.88,0.11
1097,329,0.3,48,51,3,42,0.88,0.15
1280,512,0.4,48,59,11,42,0.88,0.22
1536,768,0.5,48,148,100,42,0.88,0.31
1919,1151,0.6,48,948,900,59,0.90,0.41
2559,1791,0.7,48,8168,8120,263,0.92,0.55
3840,3072,0.8,48,56356,56308,2116,0.94,0.70
7680,6912,0.9,48,271523,271475,11143,1.00,0.87
784,0,0,49,50,1,45,0.92,0.08
871,87,0.1,49,50,1,45,0.92,0.09
980,196,0.2,49,52,3,45,0.92,0.12
1120,336,0.3,49,55,6,46,0.94,0.16
1306,522,0.4,49,64,15,46,0.94,0.23
1568,784,0.5,49,169,120,50,0.96,0.31
1959,1175,0.6,49,1234,1185,73,0.96,0.42
2613,1829,0.7,49,10106,10057,314,0.98,0.56
3920,3136,0.8,49,60008,59959,2284,1.00,0.71
7840,7056,0.9,49,271777,271728,11357,1.00,0.87
800,0,0,50,55,5,47,0.94,0.08
888,88,0.1,50,55,5,47,0.94,0.09
1000,200,0.2,50,56,6,47,0.94,0.12
1142,342,0.3,50,59,9,47,0.94,0.16
1333,533,0.4,50,79,29,49,0.98,0.23
1600,800,0.5,50,203,153,50,0.98,0.32
2000,1200,0.6,50,1420,1370,82,0.98,0.43
2666,1866,0.7,50,10844,10794,356,0.98,0.56
4000,3200,0.8,50,65408,65358,2519,0.98,0.71
8000,7200,0.9,50,285665,285615,11870,1.00,0.87
